26 6.63144828108e-23
24 3.5126075318e-19
16 5.22456877889e-19
4 1.13444298526e-18
30 2.29057705618e-17
6 4.33070559389e-15
5 5.80518060719e-15
7 7.26487572867e-14
9 1.4124090152e-13
8 1.76115518706e-12
0 3.98364717209e-12
2 8.08289005235e-11
1 3.79236562906e-10
25 4.70808138437e-10
19 5.19955953791e-10
22 5.92215575936e-10
20 1.21197326391e-09
29 3.97404705767e-09
3 2.70211114413e-07
23 5.06546815199e-06
12 5.2099853234e-06
17 8.83389009091e-06
11 9.93908736364e-06
31 0.000122596323739
18 0.0364863850373
13 0.03701067935
10 0.0784795865395
15 0.100400406621
28 0.114958644644
27 0.132215197182
21 0.140192374317
14 0.360104804107
